332975649198357082549293167286768805207	2021-05-09T20:06:45.226449	82
332975649277585245063557504880312755543	2021-05-09T20:06:45.226565	93
332975649356813407577821842473856705879	2021-05-09T20:06:45.226625	97
332975649436041570092086180067400656215	2021-05-09T20:06:45.226683	13
332975649515269732606350517660944606551	2021-05-09T20:06:45.226737	31
